1b
4c
75
61
54
00
19
93
0d
0a
1a
0a
04
08
08
78
56
00
00
00
00
00
00
00
00
00
00
00
28
77
40
03
80
85
aa
02
00
0e
bd
0e
01
01
00
42
01
00
00
b8
19
00
80
0e
01
01
00
8b
01
00
01
00
02
02
00
c4
01
02
02
bc
01
02
00
38
01
00
80
b4
01
02
00
bd
01
7f
00
38
02
00
80
93
01
00
01
52
00
00
00
00
02
02
00
ce
01
01
00
00
01
03
00
8b
01
00
03
00
02
02
00
c4
01
02
05
cb
01
0f
00
8b
04
00
01
00
05
08
00
c4
04
02
02
bc
84
02
00
b8
0b
00
80
8b
04
00
01
00
05
08
00
c4
04
02
02
bc
04
04
00
38
04
00
80
8b
04
00
05
0b
05
00
06
0e
05
0a
07
83
05
04
00
09
06
01
00
80
06
08
00
44
06
02
00
44
05
00
00
c4
04
00
01
89
04
02
00
03
85
04
00
93
05
01
00
52
00
00
00
0b
06
00
0b
80
06
08
00
44
06
02
02
92
05
0a
0c
c4
04
03
02
00
04
09
00
10
01
07
08
cc
01
00
02
cd
01
10
00
b6
01
00
00
92
00
00
02
13
01
02
00
52
00
00
00
12
01
01
00
12
01
0c
01
46
81
02
00
46
81
01
00
8d
04
89
63
68
69
6c
64
72
65
6e
04
85
74
79
70
65
04
86
74
61
62
6c
65
04
87
69
70
61
69
72
73
04
89
66
75
6e
63
74
69
6f
6e
04
85
77
61
72
6e
04
87
73
74
72
69
6e
67
04
87
66
6f
72
6d
61
74
14
ec
70
61
73
73
65
64
20
61
20
63
68
6c
64
20
66
75
6e
63
74
69
6f
6e
20
28
64
65
66
69
6e
65
64
20
61
74
20
25
73
29
20
61
73
20
61
20
6c
69
74
65
72
61
6c
2e
20
41
72
65
20
79
6f
75
20
73
75
72
65
20
79
6f
75
20
64
69
64
6e
27
74
20
6d
65
61
6e
20
74
6f
20
63
61
6c
6c
20
63
72
65
61
74
65
5f
65
6c
65
6d
65
6e
74
28
29
3f
04
8d
4c
49
54
45
52
41
4c
5f
4e
4f
44
45
04
86
76
61
6c
75
65
04
89
74
6f
73
74
72
69
6e
67
04
86
70
72
6f
70
73
83
00
00
00
01
01
00
01
00
00
80
80
80
80
80